4.649051448000000164e+02
4.649084951599999727e+02
6.894689012699999466e+02
6.894707489300000134e+02
7.830471979200000305e+02
8.063068283600000541e+02
9.922801246799999717e+02
9.922830749900000455e+02
1.087786884390000068e+03
1.138156404609999981e+03
1.146543980709999914e+03
1.146547187059999942e+03
1.150608759210000017e+03
1.150616807509999944e+03
1.192327767770000037e+03
1.270530687510000007e+03
1.319781419839999899e+03
1.319784105550000049e+03
1.384437771269999985e+03
1.538526733689999901e+03
1.661914132019999897e+03
1.661916789679999965e+03
1.795277801709999949e+03
1.795286879040000031e+03
3.346637084439999853e+03
3.357721333729999969e+03
3.357728324310000062e+03
3.377705744419999974e+03
3.377712109000000055e+03
3.392816438519999792e+03
